2018208    25.1    22.5    28.5    22.9    88.2     2.4     1.5     9.9
2018209    25.0    22.2    28.7    23.3    90.2     8.0     2.1     8.8
2018210    24.0    22.1    26.6    22.8    93.0    22.2     2.4     7.4
2018211    24.6    21.4    28.8    22.4    88.0     0.2     1.5    15.9
2018212    24.3    21.4    27.8    22.3    89.0     1.1     1.8    13.7
2018213    23.8    21.2    26.9    22.1    90.2     0.8     1.9    14.5
2018214    24.6    21.2    28.9    22.3    87.8     0.7     2.0    17.9
2018215    24.6    21.0    28.5    22.3    87.8     0.4     1.7    20.5
2018216    25.0    21.0    29.3    22.7    88.0     5.9     1.6    15.3
2018217    23.1    21.8    24.7    22.0    93.8    14.0     2.2     9.3
2018218    23.0    21.2    25.6    21.4    90.8     3.4     1.6    10.8
2018219    24.7    20.4    29.2    22.4    88.0     1.9     1.9    17.5
2018220    24.7    22.0    28.0    22.9    90.2     8.6     1.6    14.4
2018221    24.4    22.6    26.8    23.1    92.8     1.4     1.5    11.7
2018222    25.3    22.2    29.5    23.5    90.2     3.0     2.2    13.9
2018223    25.5    22.3    29.8    23.5    89.2     3.2     1.5    15.8
2018224    25.2    23.0    28.2    23.6    91.1     2.7     1.7    11.6
2018225    24.6    22.5    27.5    23.2    91.8     4.6     1.9    15.8
2018226    25.7    22.3    29.8    23.5    88.2     6.8     1.6    16.8
2018227    25.7    22.7    29.3    23.6    88.6     9.6     2.0    15.6
2018228    24.9    23.0    27.4    23.4    91.9     8.7     2.2    12.0
2018229    24.3    22.6    26.7    23.0    92.9     9.7     1.7    12.2
2018230    25.3    22.0    29.0    23.2    88.6     6.9     1.3    14.2
2018231    24.7    22.8    27.9    23.0    90.7     3.7     1.6    12.1
2018232    25.1    21.9    28.9    23.2    89.8    17.4     2.1    11.1
2018233    24.5    22.6    27.3    23.2    92.2    31.6     2.3    10.3
2018234    24.4    22.7    27.2    23.2    92.9     8.2     1.9     9.6
2018235    24.5    22.3    27.5    23.2    92.7     5.4     2.0    15.0
2018236    24.3    22.4    27.2    22.9    92.0     2.0     2.2    10.8
2018237    24.8    21.6    28.9    22.9    90.0     1.0     2.1    17.4
2018238    25.2    20.8    29.6    22.8    87.1     0.4     1.3    16.9
2018239    24.8    22.4    27.5    23.2    91.1     1.0     1.3    15.5
2018240    26.0    22.9    29.8    23.3    85.9     1.2     1.1    20.0
2018241    24.8    23.2    27.2    23.6    92.9    20.0     1.6    14.4
2018242    25.3    22.3    29.1    23.5    89.9    21.6     1.6    10.4
2018243    25.1    22.7    28.4    23.6    91.4    38.2     2.0    10.7
2018244    24.6    22.6    27.5    23.3    92.7    14.5     1.7    11.0
2018245    24.7    22.4    27.5    23.3    91.9    15.6     1.4    13.3
2018246    25.1    22.8    28.2    22.8    88.0     1.8     1.2    17.5
2018247    25.8    22.5    29.6    23.8    89.0     4.8     1.6    16.4
2018248    24.7    23.4    26.6    23.8    94.2     9.0     2.1    13.4
2018249    24.8    23.0    27.7    23.5    92.6    22.8     2.5     6.0
2018250    24.8    22.5    28.0    23.4    92.4    11.1     1.8    12.6
2018251    24.7    22.4    27.7    23.3    92.0     5.8     1.2    16.9
2018252    24.4    22.6    26.8    23.4    93.9     9.1     1.6    13.0
2018253    24.0    22.3    26.4    22.5    91.7    10.7     1.1    15.5
2018254    25.4    21.4    30.0    23.0    87.4     1.8     1.2    17.6
2018255    25.1    22.4    28.6    23.4    90.9     2.3     1.2    16.0
2018256    24.6    23.0    26.9    23.5    93.9     4.8     1.6     8.7
2018257    25.2    22.6    28.6    23.4    90.5     4.4     1.6    22.0
2018258    24.5    22.7    27.2    23.2    92.7     4.1     1.4    17.0
2018259    26.0    22.2    29.8    23.0    84.3     2.2     0.8    19.1
2018260    25.5    23.3    28.8    23.8    90.6    12.6     1.3    20.2
2018261    24.6    23.1    27.0    23.7    94.4     2.3     1.6    14.7
2018262    26.6    22.6    31.2    23.0    82.2     0.6     0.8    19.4
2018263    26.3    22.8    30.8    24.0    88.0     1.4     1.1    18.5
2018264    26.1    23.9    29.2    24.5    91.2     4.2     1.5    10.6
2018265    25.0    23.6    27.0    24.1    94.8    37.2     1.7    18.4
2018266    24.8    22.7    27.2    23.0    89.9     3.7     1.2    13.2
2018267    25.6    22.9    29.3    23.8    90.1     6.2     1.2    18.1
2018268    25.0    23.2    27.6    23.8    92.9    10.2     1.5    16.5
2018269    25.4    22.8    28.9    23.6    90.4     2.8     1.2    18.4
2018270    25.3    22.9    28.2    23.8    91.6     5.5     1.4    17.7
2018271    25.0    23.2    27.4    23.8    93.1     3.8     1.1    15.6
2018272    26.1    22.8    30.2    23.5    86.5     2.4     0.8    19.8
2018273    25.1    23.6    27.5    23.9    93.1     6.6     1.3    18.1
2018274    25.1    23.6    27.6    23.9    93.5     7.4     2.0    14.3
2018275    25.1    22.6    28.7    23.0    89.1     3.2     1.3    19.6
2018276    25.6    22.6    29.2    23.5    88.6     3.3     1.2    16.6
2018277    25.8    23.0    29.5    24.1    91.0     6.4     1.7    15.0
2018278    25.6    23.0    28.5    24.0    91.3     6.5     1.3    18.0
2018279    25.6    23.6    28.1    23.9    90.9    34.2     0.9    16.0
2018280    26.1    22.9    29.8    24.0    88.8     1.4     0.9    18.2
2018281    25.6    23.9    28.4    24.4    92.9     4.8     1.6    17.6
2018282    25.1    23.7    27.3    24.1    94.0     4.4     1.7    19.9
2018283    25.0    22.6    27.8    23.5    91.2     2.9     1.1     9.4
2018284    24.7    23.1    27.5    23.4    92.9    15.6     1.5    15.1
2018285    24.4    22.7    26.3    23.2    93.3     1.4     1.4    15.9
2018286    25.6    21.7    30.1    23.1    86.9     3.7     1.4    20.8
2018287    24.5    23.0    26.6    23.5    94.0    10.1     1.5     8.5
2018288    25.1    22.1    29.0    23.3    89.9     8.6     1.1    20.5
2018289    25.0    22.6    28.5    23.5    91.8    14.2     1.3    15.5
2018290    25.3    22.5    29.2    23.3    89.3    16.4     1.2    18.2
2018291    26.0    22.8    30.1    23.4    86.6     0.6     0.8    16.0
2018292    25.8    23.4    29.1    23.7    89.0     0.6     0.8    18.9
2018293    26.5    23.4    30.7    24.4    88.6     3.4     1.1    17.6
2018294    25.7    24.0    28.4    24.5    93.1    18.8     1.7    16.0
2018295    24.9    24.0    26.2    24.2    95.6    22.2     1.9    14.4
2018296    25.5    23.7    28.6    24.2    92.4     1.1     1.7    16.4
2018297    25.5    23.3    28.9    23.0    87.0     2.7     1.0    14.5
2018298    25.5    23.1    28.3    23.6    89.8     0.7     0.8    18.7
2018299    25.6    23.5    28.6    24.1    91.4     1.2     1.1    18.3
2018300    26.4    23.0    30.3    23.8    86.4     0.5     1.0    19.7
2018301    26.6    23.3    30.7    24.3    88.1     5.3     0.8    17.0
2018302    26.3    23.9    29.4    24.3    89.1     6.0     1.1    18.5
2018303    26.5    23.3    29.9    24.2    87.6     7.6     0.8    17.4
2018304    25.7    23.9    28.6    24.5    93.1     4.9     1.8    16.0
2018305    25.7    23.5    28.7    24.2    91.6     7.9     1.6    17.0
2018306    25.6    23.2    29.0    24.1    91.5    22.9     1.4    17.1
2018307    25.4    22.6    29.0    23.6    90.1     4.2     1.0    18.6
2018308    25.9    22.8    29.2    24.0    90.0     3.8     1.1    19.0
2018309    26.1    23.8    29.1    24.1    89.1     9.8     1.0    17.5
2018310    25.1    24.2    26.5    24.3    95.3    26.5     1.4     7.7
2018311    25.2    23.4    27.7    23.8    91.8     0.7     1.0     4.0
2018312    26.1    22.8    30.0    23.4    85.8     0.3     0.7    16.1
2018313    26.1    23.7    29.2    24.0    88.5     0.2     0.9    12.5
2018314    27.0    22.8    31.2    23.9    84.4     0.0     0.8    18.8
2018315    26.5    23.3    30.0    24.0    86.8     0.3     0.8    18.2
2018316    27.3    23.6    31.6    24.3    84.9     1.5     0.8    18.7
2018317    26.2    24.2    28.6    24.4    90.1     3.1     1.0    18.6
2018318    25.3    23.4    27.6    24.2    93.4     2.9     1.1    16.8
2018319    26.2    23.4    29.6    24.0    87.8     0.7     1.0    17.6
2018320    26.6    23.5    30.1    24.2    87.2     0.6     1.0    19.2
2018321    26.8    23.7    30.5    24.4    87.2     8.8     0.9    18.7
2018322    26.6    23.5    29.7    24.0    86.3     6.5     0.7    17.4
2018323    25.0    23.6    26.9    24.1    94.6    19.0     1.1    11.6
2018324    26.6    22.9    30.7    23.9    86.0     5.4     0.8    19.1
2018325    26.4    23.4    29.8    24.4    89.4     1.5     1.0    19.2
2018326    26.9    23.6    30.4    24.1    85.2     0.0     1.0    11.6
2018327    27.3    23.3    31.3    24.1    83.3     0.0     1.0    18.4
2018328    27.6    23.7    32.1    24.2    83.4     0.0     1.0    19.9
2018329    26.9    24.0    30.6    24.4    87.4     0.0     1.1    21.2
2018330    26.7    23.8    30.2    24.5    88.2     0.0     1.0    14.0
2018331    27.2    23.8    31.0    24.2    85.1     0.3     0.8    17.4
2018332    27.0    23.8    30.5    24.0    84.1     0.0     1.1    19.6
2018333    26.1    21.5    30.2    21.7    78.2     0.0     1.2    20.3
2018334    25.9    22.1    29.8    23.3    85.9     0.0     1.0    14.8
2018335    25.6    23.2    28.6    23.5    88.8     0.1     0.8    17.0
2018336    25.9    22.7    29.1    23.4    86.7     0.1     0.7    16.3
2018337    25.7    23.1    28.8    23.7    89.1     0.1     0.9    14.8
2018338    26.1    22.4    29.6    21.1    75.3     0.0     1.0    17.1
2018339    25.2    21.8    28.9    20.4    75.4     0.0     1.2    18.7
2018340    25.5    19.9    30.2    20.1    72.9     0.0     1.2    20.3
2018341    25.2    20.4    30.1    20.9    78.5     0.0     1.2    17.6
2018342    26.5    23.3    30.7    23.2    83.4     0.0     0.8    16.3
2018343    26.3    23.2    28.9    23.3    84.1     0.0     0.9    16.3
2018344    25.2    20.7    29.1    18.4    67.6     0.0     1.3    17.8
2018345    25.2    21.4    29.9    20.6    76.5     0.0     0.6    16.7
2018346    26.5    22.4    30.6    22.9    81.6     0.3     0.8    17.7
2018347    26.2    22.4    30.9    22.0    78.8     0.0     1.3    18.9
2018348    25.4    20.0    30.5    19.8    72.9     0.0     1.2    18.9
2018349    25.8    21.1    30.8    21.8    79.4     0.0     1.2    19.4
2018350    26.8    21.7    31.8    22.8    80.5     0.1     0.8    19.2
2018351    26.5    22.4    30.8    22.6    79.8     0.0     1.2    19.6
2018352    25.1    20.1    29.3    18.3    67.2     0.0     1.2    20.2
2018353    24.4    19.6    29.2    18.9    72.1     0.0     1.1    19.1
2018354    24.3    19.5    28.5    17.6    67.1     0.0     1.2    18.9
2018355    24.9    18.7    29.4    18.3    67.6     0.0     1.0    18.5
2018356    25.3    19.8    30.0    19.0    69.3     0.0     1.0    18.7
2018357    24.6    19.8    28.7    16.6    62.3     0.0     1.5    18.4
2018358    23.9    17.6    28.7    16.2    63.1     0.0     1.4    17.8
2018359    24.1    18.9    28.4    16.5    63.9     0.0     1.4    19.3
2018360    24.8    18.7    30.2    17.1    63.6     0.0     0.8    19.2
2018361    24.4    19.3    30.3    19.2    74.4     0.0     1.1    19.4
2018362    26.2    21.5    31.1    22.6    82.1     0.0     0.9    19.4
2018363    26.8    22.4    31.3    22.2    77.7     0.0     1.0    18.8
2018364    24.8    20.8    28.5    18.7    70.7     0.0     1.2    15.1
2018365    25.2    19.8    30.6    19.2    71.1     0.0     1.0    18.2
2019001    24.7    19.4    29.8    18.8    71.0     0.0     1.7    17.4
2019002    24.1    18.7    28.4    18.5    71.9     0.0     1.4    19.8
2019003    25.4    21.0    30.5    19.4    70.6     0.0     1.0    19.6
2019004    25.0    21.2    30.4    19.2    71.6     0.0     1.1    18.9
2019005    24.4    18.8    29.5    16.9    65.8     0.0     1.7    19.5
2019006    24.6    18.2    29.0    14.6    55.5     0.0     1.5    19.0
2019007    24.4    18.2    29.3    14.8    56.4     0.0     1.3    15.6
2019008    23.6    19.1    29.1    16.0    64.2     0.0     1.4    18.2
2019009    23.5    17.0    29.0    15.8    64.2     0.0     1.6    18.5
2019010    24.9    19.8    30.6    20.5    78.1     0.0     1.1    17.1
2019011    26.0    21.5    30.5    22.2    81.2     0.0     1.1    17.3
2019012    26.3    22.1    31.0    23.4    84.8     0.0     1.2    17.7
2019013    26.8    22.7    31.5    23.8    84.8     0.1     1.0    18.1
2019014    26.7    23.3    30.3    23.9    85.4     0.3     1.3    17.3
2019015    27.2    23.3    31.2    23.5    81.6     0.1     0.8    15.9
2019016    25.4    21.8    29.4    19.6    72.7     0.0     1.3    18.5
2019017    24.9    21.0    29.0    19.8    74.1     0.0     1.0    15.8
2019018    25.3    22.0    29.2    23.3    88.9     0.3     1.2    18.1
2019019    26.4    22.3    30.9    23.6    85.2     0.3     1.5    17.6
2019020    26.4    23.6    29.9    24.1    87.9     1.2     1.6    17.9
2019021    27.4    22.9    32.2    23.8    82.3     0.3     1.0    17.8
2019022    26.8    23.9    30.3    24.4    87.8     1.5     1.5    15.8
2019023    26.6    23.4    30.2    24.1    86.8     0.7     1.8     9.0
2019024    26.0    23.1    29.6    23.9    88.5     4.3     2.0    15.4
2019025    24.7    22.5    27.3    22.8    89.5     0.2     1.6    16.2
2019026    27.1    23.0    32.3    23.7    82.9     0.5     1.7    15.0
2019027    26.6    23.4    30.3    24.2    87.4     1.8     2.0    16.0
2019028    26.4    23.8    30.0    24.1    87.9     5.5     1.7    15.9
2019029    26.7    23.8    30.2    24.2    86.8     6.1     1.3     7.8
2019030    27.0    24.0    30.9    24.1    85.3     1.1     0.8    16.0
2019031    27.3    24.2    30.7    23.6    81.7     2.6     1.3    17.6
2019032    27.2    22.4    32.6    23.2    80.6     0.1     1.3    20.2
2019033    26.8    24.4    29.8    24.4    87.6     4.0     1.9    18.8
2019034    27.7    23.7    32.6    23.7    80.7     0.4     1.6    16.9
2019035    26.8    23.8    30.2    24.6    88.1     5.2     1.7    16.9
2019036    26.6    24.2    30.2    23.6    84.1     0.1     1.6    15.4
2019037    27.5    22.6    32.4    23.6    81.1     0.0     1.0    18.5
2019038    26.4    23.4    30.0    17.4    61.7     0.0     1.7    17.5
2019039    25.8    19.7    31.3    15.6    56.1     0.0     1.7    20.1
2019040    24.6    19.5    28.4    15.0    56.9     0.0     1.8    18.9
2019041    23.5    17.8    27.3    15.4    61.8     0.0     1.8    20.2
2019042    25.2    18.4    30.9    16.5    60.6     0.0     1.4    20.5
2019043    25.9    20.3    31.5    18.5    66.1     0.0     1.4    18.4
2019044    26.3    21.8    31.0    21.6    76.8     0.0     1.1    18.3
2019045    25.5    22.1    28.3    18.4    68.5     0.0     1.5    17.2
2019046    24.1    19.3    29.5    15.4    60.6     0.0     1.9    19.4
2019047    24.2    19.6    29.2    16.2    63.6     0.0     1.5    18.3
2019048    25.2    20.4    30.1    19.6    72.6     0.0     0.9    17.3
2019049    26.3    21.1    31.6    22.2    79.8     0.0     1.2    18.7
2019050    27.3    22.9    32.2    23.2    79.7     0.0     1.2    17.9
2019051    27.0    23.7    30.6    24.0    84.9     0.6     1.6    18.4
2019052    26.4    23.9    29.6    24.1    87.6     0.3     1.8    18.2
2019053    26.8    24.1    30.7    24.2    86.8     0.2     2.1    14.1
2019054    26.4    24.0    29.6    24.6    90.3     1.8     1.9    13.4
2019055    26.4    24.0    30.0    24.0    87.4     0.4     1.7    17.4
2019056    26.8    23.4    31.4    23.9    85.4     0.1     1.3    15.3
2019057    25.2    23.9    27.3    23.0    88.1     1.4     1.3    10.6
2019058    26.7    22.7    31.4    22.8    80.2     0.6     0.9    15.2
2019059    25.2    23.4    28.0    23.2    88.9     3.8     1.4    15.3
2019060    24.7    23.4    26.6    23.3    92.2     6.4     1.8    15.9
2019061    26.0    22.7    30.0    23.4    86.3     1.1     1.5    15.3
2019062    26.1    23.6    29.2    24.0    89.0     5.0     1.7    15.3
2019063    25.7    23.1    29.6    22.6    83.9     6.0     2.3    15.8
2019064    27.2    22.6    32.4    23.1    80.2     3.6     1.2    19.7
2019065    26.3    24.1    29.2    24.2    88.9     6.1     1.7    10.2
2019066    26.2    23.4    29.9    24.0    88.5     1.6     1.5    19.6
2019067    26.6    23.6    30.1    23.7    85.3     3.2     0.9    21.6
2019068    26.5    23.9    29.8    23.9    86.3     0.8     1.6    18.0
2019069    26.2    24.0    29.3    24.2    88.9     0.8     1.6    16.1
2019070    26.5    23.6    30.0    24.2    87.9     3.2     1.5    19.3
2019071    27.1    24.6    30.4    24.8    87.6     0.4     1.5    19.1
2019072    27.0    24.6    30.0    25.0    88.9     0.5     1.4    19.5
2019073    26.9    24.4    30.1    24.8    88.8     0.6     1.5    20.4
2019074    27.7    24.1    31.7    24.5    84.1     0.4     1.0    13.5
2019075    27.1    24.4    30.2    24.6    86.8     0.1     0.9    15.0
2019076    27.2    24.2    31.0    24.2    84.6     0.4     1.0    19.2
2019077    27.7    23.6    32.1    24.3    83.1     0.8     1.3    19.8
2019078    27.2    24.6    30.4    24.9    87.6     1.9     1.8    17.2
2019079    27.3    24.6    31.0    24.8    86.9     1.1     1.8    19.3
2019080    27.3    24.6    30.6    25.1    88.6     2.6     1.8    19.5
2019081    27.2    24.8    30.6    24.9    88.0     0.1     1.7    17.4
2019082    26.5    24.5    29.4    24.3    88.2     0.1     1.6    19.2
2019083    26.9    23.8    31.4    23.8    84.5     0.1     1.6    13.8
2019084    26.6    23.8    30.3    23.9    85.9     0.0     1.5    20.4
2019085    26.9    24.1    30.1    24.2    85.8     0.0     1.0    20.6
2019086    27.6    24.2    31.5    24.4    84.0     0.0     1.2    19.0
2019087    27.2    24.5    30.4    25.0    88.3     0.0     1.4    18.1
2019088    26.9    24.2    30.0    24.6    87.7     0.0     1.3    18.4
2019089    26.5    24.4    29.6    24.7    89.9     0.0     1.5     9.6
2019090    26.4    24.3    29.4    24.3    88.6     0.0     1.4    19.4
2019091    27.6    24.4    31.8    24.6    84.2     0.3     1.3    23.1
2019092    27.7    24.6    31.8    24.9    85.9     0.2     1.4    18.5
2019093    28.1    24.3    32.5    25.0    84.2     0.4     1.1    18.9
2019094    27.8    25.3    31.5    25.2    86.7     1.2     1.7    14.8
2019095    27.6    25.1    31.4    25.1    86.8     0.9     1.9    18.8
2019096    27.0    24.8    30.2    24.9    88.8     2.6     1.6    13.8
2019097    27.6    24.8    31.9    24.7    85.2     3.0     1.6    20.3
2019098    27.2    24.7    31.0    24.7    87.1     1.0     2.1    19.2
2019099    27.7    24.8    32.2    24.4    83.4     1.5     1.2    19.8
2019100    26.9    24.9    30.0    25.0    89.4     1.1     1.5    17.9
2019101    27.0    24.4    31.0    24.2    85.9     0.4     1.5    13.7
2019102    27.3    23.8    31.9    24.3    84.9     2.3     1.8    22.1
2019103    26.2    24.6    28.3    24.6    91.4     6.3     1.4    10.8
2019104    25.9    23.6    28.7    23.7    88.1     1.1     1.2    11.2
2019105    27.1    22.4    32.2    23.8    83.5     0.7     1.5    23.0
2019106    26.4    23.5    30.2    23.9    86.5     0.0     1.7    19.0
2019107    27.3    23.0    31.7    24.1    83.6     0.0     1.0    22.4
2019108    26.3    24.3    29.0    24.4    89.8     0.0     1.1     9.4
2019109    26.9    23.6    30.5    24.6    87.7     0.0     1.5    17.0
2019110    27.0    24.6    30.1    24.8    88.4     0.0     1.4    17.3
2019111    26.9    24.5    30.0    24.8    88.8     0.1     1.3    19.8
2019112    26.8    24.5    29.5    24.8    89.7     0.7     1.6    17.1
2019113    27.0    24.3    30.8    24.6    87.6     0.8     1.4    17.9
2019114    27.4    24.6    31.1    24.9    86.9     0.2     1.2    17.4
2019115    27.2    25.0    30.4    25.0    88.6     0.6     1.6    12.8
2019116    27.3    24.7    31.1    24.6    86.1     0.0     1.7    16.2
2019117    27.6    24.1    31.4    25.1    86.9     0.0     1.3    22.0
2019118    27.8    25.1    31.4    25.3    87.1     0.0     1.5    18.2
2019119    27.3    25.2    30.1    25.3    89.6     0.2     1.6    15.8
2019120    27.7    24.8    31.8    24.8    85.5     0.0     1.7    18.0
2019121    27.3    24.6    31.9    24.3    84.8     1.2     1.4    17.3
2019122    27.5    24.2    31.7    24.6    85.7     1.7     1.4    18.8
2019123    27.0    24.5    29.9    24.8    88.4     1.5     1.2    19.1
2019124    26.4    24.5    28.6    24.8    91.2     2.6     1.5    22.2
2019125    27.2    24.6    31.0    25.2    89.4    12.1     1.6    19.2
2019126    26.1    24.6    28.0    24.6    91.9     2.4     1.5    17.3
2019127    26.8    24.3    29.6    24.7    89.1     2.2     1.3    14.8
2019128    27.5    24.6    31.2    24.8    86.1     8.9     1.2    23.2
2019129    26.8    24.8    29.6    24.6    88.4     4.0     1.2     9.3
2019130    26.6    23.9    29.6    24.5    88.8    21.3     1.0    21.4
2019131    26.7    24.2    29.8    24.2    86.6     0.1     1.1    15.0
2019132    26.8    23.9    29.9    24.5    87.6     0.5     0.9    22.7
2019133    25.9    24.3    28.2    24.1    90.0     0.2     1.5    15.4
2019134    26.5    23.4    30.3    23.9    86.6     0.3     1.5    18.8
2019135    25.5    24.1    27.5    24.2    92.9     1.3     1.8    18.4
2019136    25.6    23.6    28.2    23.9    90.8    12.2     1.7     5.0
2019137    26.1    23.4    29.5    23.7    87.4    11.4     1.2    22.0
2019138    26.4    23.2    30.4    24.1    87.8     1.2     1.4    22.2
2019139    26.3    23.7    29.6    24.4    89.6     3.1     1.1    18.2
2019140    26.7    23.5    30.5    24.5    88.6    16.1     1.5    16.4
2019141    26.1    24.2    29.0    24.5    91.4     6.5     1.5    13.6
2019142    26.1    23.8    29.7    24.2    89.5     0.3     1.4    21.0
2019143    26.5    23.8    30.2    24.5    89.1     2.0     1.4    19.1
2019144    26.6    23.8    30.3    24.6    89.6    15.5     1.1    12.8
2019145    26.2    24.4    28.5    25.0    93.1    26.8     1.3    17.8
2019146    26.0    24.4    28.7    24.5    91.6     1.6     1.6    16.4
2019147    26.0    23.7    29.6    24.0    89.4     2.9     1.8    15.2
2019148    26.1    23.4    29.6    24.1    89.2     4.4     1.3    18.5
2019149    25.4    24.0    27.6    24.2    92.8     7.0     1.7    15.7
2019150    25.6    23.7    29.2    23.8    90.6     8.7     1.7     9.6
2019151    26.4    23.2    30.9    24.1    87.7     3.0     1.6    15.2
2019152    26.3    23.4    30.1    24.2    88.8    14.6     1.9    14.4
2019153    25.6    23.5    28.8    23.6    88.9     1.9     1.2    15.1
2019154    26.5    22.7    30.5    23.8    86.0     1.1     1.1    17.3
2019155    26.8    24.5    30.6    24.9    89.8     3.4     1.9    15.3
2019156    25.8    24.1    28.3    24.7    93.5    19.2     2.1    12.5
2019157    25.2    23.8    26.8    24.5    95.4    48.3     2.2    10.4
2019158    25.6    23.3    28.7    23.9    90.9     3.4     1.5    17.6
2019159    26.3    23.3    30.2    24.2    88.6     5.1     1.3    15.4
2019160    26.0    24.0    29.8    24.0    89.4     2.3     1.5    12.7
2019161    26.6    23.1    30.9    23.7    85.2     0.5     1.7    14.7
2019162    26.1    23.3    30.0    23.5    86.4     0.4     1.7    17.9
2019163    26.2    23.1    30.1    23.6    86.6     2.6     1.7    14.1
2019164    25.4    23.1    28.8    23.2    88.2     0.3     1.8    10.4
2019165    25.6    21.9    29.6    23.3    87.9     1.2     1.3    14.6
2019166    26.1    23.4    29.5    23.9    88.4     6.4     1.4    15.9
2019167    26.1    23.5    29.8    24.0    89.0     6.0     1.9    14.2
2019168    26.4    23.6    30.2    24.2    88.1     4.6     1.3    15.2
2019169    26.8    23.3    31.2    24.2    86.2     0.9     1.4    18.9
2019170    27.0    24.2    31.0    24.8    88.5     4.6     1.4    19.7
2019171    25.2    22.5    27.9    23.7    91.7     7.5     2.3    11.9
2019172    25.5    22.2    29.5    23.4    88.9     3.4     1.6    17.2
2019173    26.3    24.0    29.2    24.4    90.0     2.2     1.6    15.6
2019174    25.5    23.9    27.9    23.8    91.1     4.1     2.2    13.6
2019175    24.8    23.0    27.8    23.1    90.6     5.5     2.0     6.8
2019176    25.1    22.6    28.7    23.2    89.9    18.5     1.7    14.6
2019177    24.7    22.4    27.5    23.0    90.6     8.4     1.2    10.6
2019178    25.3    22.2    29.0    22.9    87.3    10.9     1.2    14.3
2019179    25.5    22.8    28.6    23.3    88.5     5.2     1.3    16.8
2019180    26.5    23.3    30.5    23.9    86.6    11.4     1.1    13.5
2019181    25.3    23.8    27.6    24.0    92.4    42.3     1.8    10.0
2019182    25.6    23.3    29.3    23.8    90.3     2.1     1.9    16.2
2019183    26.5    22.9    30.8    24.1    87.5     2.2     1.6    17.6
2019184    25.6    24.0    27.9    24.2    91.9     4.1     1.6    12.0
2019185    25.1    23.4    27.8    23.7    92.2     4.2     1.4    14.6
2019186    25.0    22.9    27.8    23.1    89.9     0.8     1.2    13.3
2019187    26.4    22.5    30.8    24.0    87.5     1.4     1.6    16.2
2019188    25.4    23.8    27.8    24.2    92.7     3.4     2.0     2.6
2019189    24.6    22.6    27.2    23.0    91.3     3.1     2.5    11.6
2019190    24.6    22.1    28.1    22.6    89.2     0.5     1.4    14.6
2019191    24.5    21.2    28.0    22.4    88.4     2.6     1.2     6.8
2019192    24.0    22.2    26.2    22.7    92.5    44.8     2.0    11.1
2019193    23.9    21.9    26.8    22.4    91.5     6.2     1.3    16.2
2019194    25.2    22.9    28.5    23.2    88.9     6.4     0.9    17.7
2019195    25.7    23.1    29.0    23.6    89.0    22.7     1.3    16.0
2019196    24.5    22.7    27.1    23.2    92.5    14.4     1.7    12.0
2019197    25.9    22.3    29.9    22.8    84.4     8.4     0.8    18.2
2019198    26.2    23.0    30.1    24.2    88.8     7.6     1.5    13.3
2019199    24.9    23.6    26.7    23.9    94.1    19.8     2.3    13.8
2019200    24.4    22.6    27.0    23.0    91.8     7.1     1.3     9.8
2019201    25.0    22.3    28.6    22.8    88.4     4.9     1.2    13.8
2019202    25.5    22.0    29.4    22.7    85.7     5.4     1.4    17.4
2019203    25.0    22.8    28.1    23.3    90.8    28.2     1.7    13.8
2019204    24.8    22.9    27.3    23.3    91.5    15.1     1.3    14.9
2019205    25.5    22.6    29.0    23.4    88.6     6.5     1.3    15.0
2019206    25.6    23.6    28.6    24.0    91.5     5.5     2.0    14.5
2019207    25.5    23.3    28.9    23.8    90.6     6.1     2.3    14.1
2019208    24.8    22.8    27.4    23.4    92.2     6.6     2.1    13.2
