UC0020 IITA-TMS-IBA000070   . 990017 370.6 200.0 185.6 180.0 2.500 2.000 2.000 1.500 920.0 280.0 1800. 0.336 0.713 2.552 3.662
UC0021 IITA-TMS-IBA30572    . 990018 370.6 235.0 215.6 190.0 2.900 2.800 3.000 1.500 707.5 270.3 1000. 0.211 0.714 3.159 2.224
UC0022 IITA-TMS-IBA980581   . 990016 580.6 130.0 250.6 250.0 3.100 4.000 2.000 1.500 890.0 250.3 1500. 0.246 0.902 4.113 2.663
UC0023 IITA-TMS-IBA982101   . 990018 360.6 240.0 150.6 250.0 2.400 2.200 2.000 1.500 800.9 268.9 1200. 0.332 0.759 3.718 2.359
UC0024 TMEB419              . 990018 487.6 180.0 100.6 100.0 2.600 3.000 3.000 1.500 680.4 247.7 600.0 0.214 0.824 2.355 3.177
UC0025 TMS13F1021P0008      . 990017 422.6 280.0 140.6 120.0 2.300 2.800 2.000 1.500 900.0 261.5 1500. 0.305 0.770 3.864 3.687
UC0026 TMS13F1049P0001      . 990022 284.7 275.0 250.0 250.0 2.500 3.000 2.000 1.500 554.7 184.2 600.7 0.228 0.834 3.173 1.559
UC0027 TMS13F1114P0001      . 990016 315.6 337.0 130.6 250.0 2.400 2.800 2.000 1.500 900.0 205.0 1500. 0.330 0.811 2.955 2.380
UC0028 TMS13F1126P0003      . 990017 355.6 80.00 180.6 215.0 2.800 3.000 2.000 1.500 790.4 251.6 700.0 0.283 0.710 1.751 2.345
UC0029 TMS13F1182P0002      . 990017 507.6 280.0 250.0 250.0 2.300 2.100 2.000 1.500 900.0 278.4 1800. 0.206 0.710 5.408 3.553
UC0030 TMS13F1304P0003      . 990023 515.9 285.3 250.0 250.0 2.300 2.000 2.000 1.500 835.4 276.8 700.0 0.208 0.885 5.003 3.519
UC0031 TMS13F1315P0008      . 990018 246.5 276.4 139.3 250.0 2.200 2.700 3.000 1.500 600.0 209.3 800.0 0.233 0.715 2.110 2.449
UC0032 TMS13F1376P0018      . 990027 1200. 250.0 250.0 250.0 2.200 2.700 2.000 1.500 500.4 279.5 1259. 0.291 0.714 4.820 3.222
UC0033 TMS13F1400P0001      . 990016 370.6 248.0 250.0 250.0 2.500 2.700 2.000 1.500 900.4 279.5 1759. 0.336 0.727 4.101 3.762
UC0034 TMS13F1461P0002      . 990028 370.6 288.0 250.0 250.0 2.400 2.800 2.000 1.500 900.0 279.3 1800. 0.251 0.951 4.898 3.713
UC0035 TMS13F2061P0005      . 990018 370.6 218.0 250.0 250.0 2.800 3.000 2.000 1.500 800.0 258.9 1000. 0.336 0.727 2.971 3.762
UC0036 TMS13F2207P0001      . 990017 510.6 218.0 250.6 250.0 2.300 3.000 2.000 1.500 900.0 278.9 1800. 0.314 0.704 4.737 2.448
UC0037 TMS14F1001P0004      . 990017 390.6 238.0 250.0 250.0 2.600 2.600 2.000 1.500 850.0 237.4 1200. 0.325 0.742 3.052 3.038
UC0038 TMS14F1013P0007      . 990019 390.6 318.0 250.0 250.0 2.100 2.300 2.000 1.500 800.6 223.9 1000. 0.252 0.770 4.253 2.847
UC0039 TMS14F1014P0016      . 990019 268.7 297.5 250.0 250.0 2.000 2.700 2.000 1.500 580.0 238.6 1000. 0.338 0.701 3.320 3.724
UC0040 TMS14F1014P0017      . 990017 324.3 303.7 250.0 250.0 2.600 3.000 3.000 1.500 680.7 266.8 1000. 0.324 0.700 2.574 1.383
UC0041 TMS14F1016P0006      . 990016 450.6 318.0 250.0 250.0 2.800 3.000 2.000 1.500 900.0 274.8 1800. 0.327 0.863 3.717 3.560
UC0042 TMS14F1019P0015      . 990017 320.6 218.0 250.0 250.0 2.200 2.100 2.000 1.500 800.2 265.2 1000. 0.279 0.731 3.201 3.662
UC0043 TMS14F1022P0003      . 990025 230.6 248.0 250.6 250.0 2.000 3.000 2.000 1.500 400.6 257.9 600.0 0.210 0.877 3.050 2.604
UC0044 TMS14F1022P0006      . 990028 480.6 318.0 250.0 250.0 3.000 3.200 2.000 1.500 900.0 275.2 1800. 0.279 0.731 3.091 3.662
UC0045 TMS14F1035P0004      . 990017 250.6 248.0 215.6 250.0 2.600 3.000 3.000 1.500 800.3 266.2 1500. 0.350 0.854 2.024 3.067
UC0046 TMS14F1035P0007      . 990028 500.6 318.0 250.0 250.0 2.800 2.000 2.000 1.500 900.0 267.4 1800. 0.224 0.978 4.780 3.252
UC0047 TMS14F1036P0007      . 990018 380.6 318.0 285.6 250.0 2.400 2.500 2.000 1.500 900.0 276.9 1800. 0.221 0.983 5.400 3.248
UC0048 TMS14F1049P0001      . 990028 489.6 218.0 250.0 250.0 2.800 2.700 2.000 1.500 900.0 279.5 1800. 0.336 0.727 3.891 3.762
UC0049 TMS14F1098P0013      . 990029 380.6 218.0 250.0 250.0 2.400 3.000 2.000 1.500 850.6 254.8 1500. 0.327 0.863 3.497 3.560
UC0050 TMS14F1120P0003      . 990016 250.6 218.0 250.0 250.0 2.400 2.600 2.000 1.500 800.4 206.5 1270. 0.331 0.705 2.920 3.665
UC0051 TMS14F1125P0010      . 990018 300.6 228.0 250.0 250.0 2.600 2.900 2.000 1.500 804.0 210.3 1000. 0.216 0.705 2.850 3.676
UC0052 TMS14F1131P0001      . 990018 310.6 298.0 250.0 250.0 2.900 2.700 2.000 1.500 824.9 184.3 1000. 0.313 0.710 2.500 1.027
UC0053 TMS14F1146P0002      . 990017 1200. 250.0 250.0 250.0 2.700 2.700 2.000 1.500 603.3 267.6 1200. 0.325 0.842 2.985 3.410
UC0054 TMS14F1159P0003      . 990018 255.6 218.0 250.0 250.0 2.000 2.000 2.000 1.500 784.3 275.0 1000. 0.331 0.705 3.230 3.776
UC0055 TMS14F1194P0002      . 990020 1200. 250.0 250.0 250.0 2.600 2.700 2.000 1.500 619.5 270.7 1000. 0.203 0.821 3.374 1.432
UC0056 TMS14F1195P0004      . 990023 235.4 289.7 250.0 250.0 2.600 2.800 2.000 1.500 380.6 230.3 600.0 0.270 0.885 2.955 3.685
UC0057 TMS14F1195P0005      . 990018 235.6 218.0 215.6 250.0 2.700 3.100 3.000 1.500 740.0 244.3 1500. 0.313 0.710 2.030 1.027
UC0058 TMS14F1196P0003      . 990019 489.8 344.4 250.0 250.0 2.900 4.000 2.000 1.500 741.8 213.4 1000. 0.347 0.702 3.300 1.061
UC0059 TMS14F1208P0007      . 990028 310.6 288.0 250.0 250.0 3.000 2.900 3.000 1.500 900.0 278.9 1800. 0.241 0.713 2.570 1.070
UC0060 TMS14F1223P0007      . 990017 270.6 218.0 250.0 250.0 2.100 2.400 2.000 1.500 787.3 235.5 1000. 0.235 0.932 2.555 3.548
UC0061 TMS14F1224P0004      . 990016 240.5 180.5 180.8 250.0 2.600 3.000 2.800 1.500 600.0 277.1 1000. 0.270 0.702 1.660 3.032
UC0062 TMS14F1262P0002      . 990018 270.6 218.0 175.6 250.0 3.000 2.200 2.000 1.500 600.4 276.8 1500. 0.347 0.705 2.880 3.583
UC0063 TMS14F1278P0003      . 990021 240.3 201.0 250.0 250.0 2.900 2.900 2.000 1.500 400.7 251.0 600.0 0.214 0.719 1.360 3.059
UC0064 TMS14F1285P0006      . 990017 369.3 254.0 250.0 250.0 2.100 2.000 2.000 1.500 658.9 176.7 1000. 0.322 0.727 2.481 3.278
UC0065 TMS14F1285P0017      . 990016 1200. 250.0 250.0 250.0 2.200 2.700 2.000 1.500 694.1 229.7 1200. 0.279 1.094 1.696 3.646
UC0066 TMS14F1287P0008      . 990029 530.6 248.0 250.0 250.0 2.000 2.000 2.000 1.500 900.0 277.0 1800. 0.223 1.655 4.427 3.712
UC0067 TMS14F1288P0008      . 990020 490.6 218.0 175.6 200.0 2.800 2.000 1.000 1.500 446.1 176.7 752.2 0.322 0.727 2.351 3.278
UC0068 TMS14F1291P0003      . 990018 1200. 250.0 250.0 250.0 2.700 2.700 2.000 1.500 690.7 237.1 1200. 0.222 0.726 2.751 2.372
UC0069 TMS14F1291P0011      . 990017 1200. 250.0 250.0 250.0 3.844 2.759 1.434 1.384 691.5 150.1 1200. 0.256 0.725 1.820 2.046
UC0070 TMS14F1291P0012      . 990028 320.6 218.0 215.6 250.0 2.400 2.800 2.000 1.500 900.0 278.2 1500. 0.337 0.702 2.500 3.964
UC0071 TMS14F1292P0012      . 990018 250.6 248.0 250.0 250.0 2.600 2.800 2.000 1.500 461.8 273.6 600.0 0.223 0.971 2.520 2.992
UC0072 TMS14F1295P0012      . 990027 308.2 256.2 250.0 250.0 2.600 2.700 2.000 1.500 354.6 148.7 601.1 0.254 0.835 2.700 2.743
UC0073 TMS14F1297P0019      . 990016 580.6 258.0 250.0 250.0 2.300 3.000 2.000 1.500 900.0 270.4 1500. 0.316 0.935 5.101 3.171
UC0074 TMS14F1299P0007      . 990016 420.6 188.0 250.0 250.0 2.300 2.000 2.000 1.500 900.0 272.9 1800. 0.331 0.802 4.492 3.025
UC0075 TMS14F1300P0002      . 990017 1200. 250.0 250.0 250.0 2.500 2.700 2.000 1.500 644.6 247.7 1200. 0.292 0.715 2.950 2.920
UC0076 TMS14F1300P0008      . 990018 330.6 218.0 250.0 250.0 2.600 3.000 2.000 1.500 744.6 273.4 1500. 0.283 0.729 3.420 3.566
UC0077 TMS14F1301P0004      . 990018 1200. 250.0 250.0 250.0 2.900 2.700 2.000 1.500 738.0 275.5 1500. 0.256 0.808 4.745 2.543
UC0078 TMS14F1301P0013      . 990016 350.6 238.0 250.0 250.0 2.500 2.000 2.000 1.500 900.0 279.6 1800. 0.208 0.947 4.800 3.334
UC0079 TMS14F1303P0012      . 990017 480.6 318.0 250.0 250.0 2.300 2.000 2.000 1.500 899.8 279.6 1800. 0.292 1.021 5.540 2.351
UC0080 TMS14F1306P0008      . 990028 480.6 188.0 250.0 250.0 2.300 3.000 2.000 1.500 900.0 279.0 1800. 0.217 0.755 3.705 3.255
UC0081 TMS14F1306P0015      . 990017 400.6 218.0 250.0 250.0 2.800 2.000 2.000 1.500 743.1 260.6 1000. 0.291 1.191 3.820 2.553
UC0082 TMS14F1306P0020      . 990020 680.6 318.0 250.0 250.0 2.100 2.700 2.000 1.500 650.1 260.5 970.1 0.242 1.070 3.570 3.025
UC0083 TMS14F1310P0004      . 990029 300.6 208.0 250.0 250.0 2.300 2.400 2.000 1.500 899.2 273.0 1800. 0.282 0.705 2.702 1.918
UC0084 TMS14F1310P0015      . 990017 1200. 250.0 250.0 250.0 3.000 2.700 2.000 1.500 671.2 261.0 1500. 0.233 0.713 2.149 2.062
UC0085 TMS14F1311P0002      . 990028 290.6 208.0 250.0 250.0 2.300 2.500 2.000 1.500 888.4 274.0 1800. 0.349 0.721 2.930 3.479
UC0086 TMS14F1312P0003      . 990028 530.6 238.0 250.0 250.0 2.100 2.000 2.000 1.500 888.9 257.5 1500. 0.261 0.942 4.550 3.471
