990016 WestAfrica1        1.40  12.0   .65  0.55   120     0     0     0   0.8  0.23   2.2    50  0.30  0.05    30
990017 WestAfrica2        1.50  12.0   .65  0.60   120     0     0     0   0.8  0.23   2.2    50  0.30  0.05    30
990018 WestAfrica3        1.60  12.0   .65  0.65   120     0     0     0   0.8  0.23   2.2    50  0.30  0.10    30
990019 WestAfrica4        1.70  12.0   .65  0.65   120     0     0     0   0.8  0.23   2.2    50  0.30  0.10    30
990020 WestAfrica5        1.80  12.0   .65  0.65   120     0     0     0   0.8  0.23   2.2    50  0.30  0.10    30
990021 WestAfrica1        1.90  12.0   .65  0.65   120     0     0     0   0.8  0.23   2.2    50  0.30  0.05    30
990022 WestAfrica4        2.00  12.0   .65  0.65   120     0     0     0   0.8  0.23   2.2    50  0.30  0.10    30
990023 WestAfrica1        2.05  12.0   .65  0.65   120     0     0     0   0.8  0.23   2.2    50  0.30  0.05    30
990024 WestAfrica1        2.20  12.0   .65  0.65   120     0     0     0   0.8  0.23   2.2    50  0.30  0.08    30
990025 WestAfrica1        2.30  12.0   .65  0.75   120     0     0     0   0.8  0.23   2.2    50  0.30  0.10    30
990026 WestAfrica4        2.40  12.0   .65  0.85   120     0     0     0   0.8  0.23   2.2    50  0.30  0.10    30
990027 WestAfrica4        2.60  12.0   .65  0.68   120     0     0     0   0.8  0.23   2.2    50  0.30  0.10    30
990028 WestAfrica1        1.40  12.0   .65  0.50   120     0     0     0   0.8  0.23   2.2    50  0.30  0.05    30
990029 WestAfrica1        1.35  12.0   .65  0.50   120     0     0     0   0.8  0.23   2.2    50  0.30  0.05    30

